2302	1120	1364	1634	2004
4116	2126	1152	4005	1365
4939	1992	4330	1293	1930
1036	3210	1145	3534	2040
3026	1637	2225	1886	4689
1868	2743	4168	3279	2767
1948	3158	1986	4368	4237
3547	2100	3598	2679	2665
4322	4099	1904	4247	1720
4572	3498	4012	1691	1757
3622	1148	4746	1766	2200
1979	2154	4689	2096	4767
2379	1083	4244	3033	2583
4760	2931	4798	4804	2727
1037	3035	2068	2110	1648
2263	2941	1885	2446	4759
1408	4012	3479	2698	3977
3178	4357	1309	1520	2273
4274	1607	4135	2482	4135
2055	4382	2830	4242	1778
3888	1698	4427	2047	4531
1106	1033	4485	1133	2655
4340	3046	4522	2320	1048
2742	1018	2032	2658	1109
1157	2669	1801	3678	2743
2224	3110	3148	2070	3434
1027	2283	2997	2782	4201
4095	2984	1221	4113	3915
3426	3609	2392	1333	4018
4500	3505	1754	3263	3365
2934	4199	3622	1288	4012
4128	1051	4463	1227	4523
1110	2182	1540	2889	1793
1021	3770	4796	4180	1785
1257	4819	3443	2077	1103
2253	2035	2863	4534	4699
2856	2954	4496	1104	4400
3012	3305	1855	2891	3063
2726	1051	3347	4183	3895
3373	1392	3722	1853	1021
3551	3124	3950	3954	3524
3993	4430	2652	4346	1735
2200	2829	1121	3802	3275
4280	2520	2662	4326	4078
4450	1096	2966	3158	2424
3310	3486	4961	1691	3947
4665	3659	1187	2287	4639
1260	1379	1746	1211	2058
1699	4069	2559	4321	2906
2637	3166	3783	1491	4269
2495	1057	1826	3114	1270
1165	4845	2788	2260	1667
2586	2201	4900	3086	3832
4701	4450	2952	1535	4902
1972	3871	1003	3298	2865
1211	3246	3994	1545	3854
4279	3199	4644	1827	4003
1767	1419	4345	2361	3459
2212	1802	1669	1047	1363
4261	2825	1091	1013	2353
3901	2219	2862	4868	3893
2080	3992	4000	4830	3639
2470	2561	2107	4849	4975
3744	4366	1302	4466	3337
2581	3789	3284	4751	1805
2443	1362	4494	1563	1184
3226	2970	3745	2316	4233
3423	2464	1580	3062	1457
3735	3930	3017	4031	1218
2143	3437	4363	3128	2421
3002	4797	3632	1023	3240
3460	1384	3637	3394	2329
2411	2181	2379	4377	1123
2032	4055	3924	2814	2034
4121	1534	1018	3444	3861
4384	2474	3273	3837	2534
4154	1824	4505	3005	1173
2286	3585	3299	1876	1387
4972	3347	2839	4445	1920
3954	2390	2299	1145	3733
4723	4433	1991	3115	3044
1166	2821	4567	4460	4046
4935	4450	1125	4795	4125
1137	2361	4727	1173	2520
4412	1650	3829	4069	2958
4664	4042	4729	4964	4578
3621	1766	3632	3618	3088
4088	4309	3024	1927	1888
4671	4868	3230	3654	4229
3208	1775	4478	3121	3579
3654	1804	4311	1609	4629
1203	4791	3948	4807	3158
1209	2600	4403	1831	2142
4581	1104	3605	1325	2127
2514	3193	2494	3685	3316
2718	1578	4455	2571	2261
2390	3162	1520	3203	2764
1304	4393	1485	4881	4811
3107	3571	2853	1296	3337
4918	1969	4560	3494	3032
1625	3323	3357	1061	2357
1635	2382	1819	2903	4482
4248	3010	4390	1307	3957
3127	1966	2914	1480	4609
4908	2068	3817	1683	2831
3122	3283	4660	1808	4506
1082	3227	4422	3598	4775
3483	4915	2017	2909	4740
2446	2946	2562	2898	2858
3454	4312	4360	4185	3178
3076	4112	1703	3236	3895
2821	1927	1965	3996	4265
2880	2921	1662	1770	1810
4563	4441	4876	2300	1297
4505	4688	2608	2228	4283
4254	1251	3705	2681	3684
1603	1663	2392	3330	3150
2635	4945	1654	1137	1356
2112	2180	1992	3415	3475
2069	1214	4344	2659	3559
4249	1556	1049	2908	2819
4641	3445	3834	2212	2279
1709	1972	1687	4991	4465
4606	1133	1653	3157	4074
1805	3739	4044	4505	3921
3079	1804	2015	1104	2628
2174	1100	1935	2363	2608
2229	1165	3707	3174	1888
1042	2851	2361	1151	1769
4404	4821	1807	1085	1790
2638	1345	1630	1426	4692
4954	1801	1502	2421	1216
4522	3518	2199	3630	4596
4986	1170	3128	1194	2835
1169	3416	4039	1097	4179
1161	1952	1312	2588	4624
4504	1210	1210	2104	4908
4510	4669	3236	2526	3163
1483	4440	2344	3910	1878
3450	3224	2865	3476	3277
1246	4800	3873	2764	4045
2216	3552	2428	3893	2918
2928	1469	2146	1572	3679
1669	2179	4709	3905	3993
3753	4688	2565	4815	1696
4823	2267	3204	1230	2270
2013	1780	3713	2202	1514
4282	3583	1852	3276	1808
3287	2559	2441	2832	3547
4439	2411	3010	3383	2379
3935	3600	3751	2907	4236
2327	2864	2715	2192	4399
2305	4278	4310	4890	2574
2174	4617	2855	2252	2452
1286	2907	1194	1858	1089
2507	2343	1319	4902	3860
2712	1367	1867	4352	3578
3386	4374	4442	1625	2739
2053	2030	4369	4845	1415
4370	1565	3771	2084	4570
1503	1540	4749	3487	3439
1404	2486	4194	3608	3787
1750	1510	2013	3417	2540
1197	2328	1616	4203	4430
1338	3174	3989	4505	2487
2066	2881	2591	4060	2842
4093	1475	4218	2159	3076
1876	1414	1535	3506	3190
1786	2327	4957	1145	3809
4884	3328	4567	1342	3422
4448	2179	1633	1173	1510
4566	4067	3089	2735	2046
1788	1044	4889	4795	1777
4410	1315	2471	2357	3414
3850	4831	3930	1801	2817
3343	4581	4032	2452	3954
3073	2946	1540	2534	3425
4861	1816	1314	4521	1935
3433	4668	4559	1407	4208
3004	4646	1745	3205	1995
1707	4754	2077	4619	4731
2608	2029	2503	4573	1170
3690	3773	4245	2211	2514
4791	3546	4855	2865	4056
4437	2312	2481	1574	4452
1550	3173	4867	1256	4434
1260	4753	2813	1319	2714
3234	1403	1394	3775	3494
2092	3539	2175	1775	1667
3612	1212	4954	2021	2273
3782	1228	2541	2612	2435
3054	3590	1152	4086	3190
3640	2390	1013	2044	4639
4792	1827	3775	2251	2032
2524	2747	1487	2903	1081
1282	1059	1275	2851	3422
3867	1947	2839	4303	2867
4357	3815	1514	2719	3820
3707	4335	4134	4285	3658
1936	3399	1800	1303	3559
4444	4444	4444	4444	4444